7303419	n	34.9758,31.5783,35.5594,32.124	[[[349758,316315,3533,-452,198,-80,56,23,223,114,208,132,192,149,174,165,73,84,228,-403,60,2,18,1,80,361,224,443,251,497,318,302,-211,540,0,74,108,125,-36,117,-208,683,28,82,62,29,69,17,45,46,8,80,-59,110,-17,83,-6,137,-22,106,-108,235,-19,461,55,173,168,117,-105,124,6,116,85,124,-31,8,-692,-287,-282,-117,-32,-177,-63,-215,-87,-209,-112,-201,-133,-190,-155,-178,-128,-120,-1260,-107,-936,523,-237,-73,-234,-95,-223,-114,-208,-132,-192,-149,-159,-150,26,-5,91,-158,-14,-149,-33,-326,-42,-41,-235,-9,-81,-23,-87,-82,-111,-83,-13,-39,29,-21,213,-28,113,8,146,34,181,156,104,50,84,13,119,-4,118,-61,95,-168,149,-73,27,2,62,6,156,-105,325,-59,44,-8,37,3,18,2,68,6,-1,4,-2,38,-1,12,-11,18,-25,40,1,2,13,50,43,11,20,5,40,-2,12,0,15,-1,16,-7,93,-43,21,-9,37,-17,22,12,3,1,0,6,1,4,2,26,0,154,-1,6,-19,87,-11,50,-37,100,-5,8,-40,69,3,35,2,27,13,8,55,34,99,-23,46,-120,-1,-11,-6,-63,-3,-26,19,-69,59,-77,114,25,52,-7,37,-29,33,-27,2,-2,-1,-2,-3,-3,-52,-68,9,-9,11,-10,56,-5,10,-1,47,-25,-4,-8,-39,-67,-47,-65,0,-1,10,-42,17,-66,2,-7,11,-75,1,-6,28,-28,1,-1,-48,-60,-11,-28,-40,-104,-3,-8,4,-70,1,-2,61,-52,4,-4,1,-1,23,-63,7,-19,-7,-9,-38,-50,-2,-3,-1,0,-55,-43,-3,-11,-26,-117,-4,-17,-49,-42,-15,-67,-1,-5,-3,-13,-31,-11,-3,-1,-10,-4,-66,33,-34,48,-35,16,-4,2,-17,-15,-30,-26,-141,81,-259,-31,-50,47,-92,74,-108,12,-3,2,-1,0,-2,2,-36,27,-18,-6,-73,-67,-28,-5,-17,9,-2,55,-107,-20,-115,-154,-12,-9,-196,-144,-342,-256,-834,-453]]]
281133	n	34.2496,31.2616,34.556,31.5831	[[[342496,313523,714,-907,299,277,29,171,-83,343,3,170,83,136,132,215,220,181,911,747,151,88,2,0,326,257,39,28,238,169,-359,185,-389,248,-24,-48,-39,-48,-29,21,-114,-151,-95,-118,25,-15,-102,-126,-106,-94,-457,-403,-189,-167,-198,-306,-50,-31,-8,6,-33,-33,-377,-241,-92,-141,-110,-169,-318,-244]]]
281124	p	281133
281129	p	281133
285066	r	34.8671,31.3449,35.4093,31.6315	[[[348672,313964,116,-336,221,-143,265,-36,275,37,254,76,599,70,790,-6,457,-3,584,187,732,522,358,256,578,283,153,11,12,60,20,179,7,179,-7,179,-7,64,-788,320,-3533,452,-22,-11,-183,-185,-21,-36,-152,-251,-7,-12,-44,-271,-4,-279,-57,-326,-403,-577,-48,-68,-145,-335]]]
282615	n	34.9846,32.0537,35.5156,32.4461	[[[349846,322197,12,-219,38,-219,64,-215,88,-209,111,-201,134,-190,155,-178,175,-165,82,-64,-146,1215,376,1216,145,152,1672,88,63,-19,235,-95,223,-114,209,-132,193,-149,175,-165,155,-178,133,-190,112,-201,87,-209,63,-215,39,-219,12,-222,-12,-222,-7,-42,282,117,127,181,111,201,88,209,64,215,38,219,13,222,-13,222,-38,219,-64,215,-88,209,-111,201,-134,190,-155,178,-175,165,-193,149,-209,132,-224,114,-235,95,-245,75,-253,54,-258,32,-260,11,-260,-11,-258,-32,-253,-54,-245,-75,-235,-95,-224,-114,-209,-132,-193,-149,-175,-165,-155,-178,-134,-190,-111,-201,-88,-209,-24,-80,63,-18,25,-7,70,-75,17,-105,-35,-127,-73,-124,-157,-123]]]
281102	n	34.2003,31.2114,34.321,31.3523	[[[342003,313143,243,-386,58,-165,180,-478,160,128,515,327,51,47,-714,907,-129,-99,-140,-158,-224,-123]]]
281141	p	281133
281145	p	281133
284375	p	7303419
284899	p	7303419
